935659.448767 1916167.15798 20
935659.448767 1916167.15798 20
935659.448767 1916167.15798 20
935659.448767 1916167.15798 20
935659.448767 1916167.15798 20
935659.448682 1916167.14689 20
935659.448682 1916167.14689 20
935659.448682 1916167.14689 20
935659.448682 1916167.14689 20
935659.448682 1916167.14689 20
935659.448682 1916167.14689 20
935659.448682 1916167.14689 20
935659.448682 1916167.14689 20
935659.448682 1916167.14689 20
935659.448682 1916167.14689 20
935659.448682 1916167.14689 20
935659.448682 1916167.14689 20
935659.448682 1916167.14689 20
935659.448597 1916167.1358 20
935659.448597 1916167.1358 20
935659.448597 1916167.1358 20
935659.448597 1916167.1358 20
935659.448597 1916167.1358 20
935659.448597 1916167.1358 20
935659.448597 1916167.1358 20
935659.457466 1916167.13573 20
935659.448597 1916167.1358 20
935659.448597 1916167.1358 20
935659.448597 1916167.1358 20
935659.448597 1916167.1358 20
935659.448597 1916167.1358 20
935659.448682 1916167.14689 20
935659.448767 1916167.15798 20
935659.457891 1916167.1912 20
935659.458061 1916167.21339 20
935659.467186 1916167.2466 20
935659.458656 1916167.29104 20
935659.467866 1916167.33535 20
935659.468206 1916167.37973 20
935659.477416 1916167.42404 20
935659.477841 1916167.47951 20
935659.48722 1916167.546 20
935659.496515 1916167.6014 20
935659.505894 1916167.6679 20
935659.515274 1916167.7344 20
935659.515869 1916167.81206 20
935659.534203 1916167.88958 20
935659.534798 1916167.96724 20
935659.553132 1916168.04476 20
935659.553727 1916168.12242 20
935659.571891 1916168.17775 20
935659.581441 1916168.26643 20
935659.573166 1916168.34416 20
935659.573761 1916168.42182 20
935659.592096 1916168.49934 20
935659.592776 1916168.58809 20
935659.602325 1916168.67678 20
935659.60292 1916168.75444 20
935659.612385 1916168.83203 20
935659.630804 1916168.92064 20
935659.631399 1916168.9983 20
935659.649818 1916169.08692 20
935659.650498 1916169.17567 20
935659.659963 1916169.25326 20
935659.669427 1916169.33085 20
935659.670022 1916169.40851 20
935659.706945 1916169.59683 20
935659.707541 1916169.67449 20
935659.708136 1916169.75215 20
935659.717685 1916169.84083 20
935659.72715 1916169.91842 20
935659.736614 1916169.99601 20
935659.72834 1916170.07374 20
935659.746674 1916170.15126 20
935659.756054 1916170.21776 20
935659.747949 1916170.31767 20
935659.748544 1916170.39533 20
935659.749309 1916170.49518 20
935659.749904 1916170.57283 20
935659.750584 1916170.66159 20
935659.751264 1916170.75034 20
935659.743075 1916170.83916 20
935659.74384 1916170.93901 20
935659.735566 1916171.01673 20
935659.7452 1916171.11651 20
935659.737011 1916171.20533 20
935659.737776 1916171.30518 20
935659.729587 1916171.394 20
935659.730352 1916171.49384 20
935659.722162 1916171.58266 20
935659.722927 1916171.68251 20
935659.714738 1916171.77133 20
935659.724372 1916171.87111 20
935659.716268 1916171.97102 20
935659.717033 1916172.07087 20
935659.717798 1916172.17071 20
935659.709694 1916172.27063 20
935659.710374 1916172.35938 20
935659.702355 1916172.47039 20
935659.70295 1916172.54805 20
935659.703885 1916172.67008 20
935659.695695 1916172.7589 20
935659.70533 1916172.85868 20
935659.697225 1916172.95859 20
935659.697991 1916173.05844 20
935659.698841 1916173.16938 20
935659.699436 1916173.24704 20
935659.709155 1916173.35791 20
935659.700966 1916173.44673 20
935659.701816 1916173.55767 20
935659.711451 1916173.65745 20
935659.703346 1916173.75736 20
935659.704111 1916173.85721 20
935659.704791 1916173.94596 20
935659.705641 1916174.0569 20
935659.715361 1916174.16777 20
935659.707257 1916174.26769 20
935659.708107 1916174.37863 20
935659.708957 1916174.48957 20
935659.718676 1916174.60044 20
935659.719526 1916174.71138 20
935659.711507 1916174.82239 20
935659.712357 1916174.93333 20
935659.713122 1916175.03317 20
935659.714057 1916175.15521 20
935659.706038 1916175.26622 20
935659.706888 1916175.37716 20
935659.698869 1916175.48817 20
935659.708588 1916175.59904 20
935659.691784 1916175.72121 20
935659.710373 1916175.83201 20
935659.69357 1916175.95418 20
935659.69442 1916176.06512 20
935659.69527 1916176.17606 20
935659.68725 1916176.28707 20
935659.688186 1916176.4091 20
935659.689036 1916176.52004 20
935659.689886 1916176.63099 20
935659.690736 1916176.74193 20
935659.691671 1916176.86396 20
935659.683652 1916176.97497 20
935659.675717 1916177.09707 20
935659.676652 1916177.2191 20
935659.677502 1916177.33004 20
935659.678352 1916177.44098 20
935659.679373 1916177.57411 20
935659.680308 1916177.69615 20
935659.681158 1916177.80709 20
935659.673223 1916177.92919 20
935659.665289 1916178.05129 20
935659.666224 1916178.17333 20
935659.667159 1916178.29536 20
935659.659225 1916178.41746 20
935659.660075 1916178.5284 20
935659.652226 1916178.6616 20
935659.653076 1916178.77254 20
935659.654096 1916178.90567 20
935659.637207 1916179.01674 20
935659.638057 1916179.12768 20
935659.630208 1916179.26088 20
935659.631058 1916179.37182 20
935659.614339 1916179.50508 20
935659.615189 1916179.61602 20
935659.616209 1916179.74915 20
935659.608275 1916179.87125 20
935659.609125 1916179.98219 20
935659.60136 1916180.12648 20
935659.602126 1916180.22633 20
935659.603146 1916180.35946 20
935659.595211 1916180.48156 20
935659.587277 1916180.60366 20
935659.597082 1916180.72563 20
935659.589232 1916180.85883 20
935659.590082 1916180.96977 20
935659.591102 1916181.10289 20
935659.574298 1916181.22506 20
935659.575319 1916181.35819 20
935659.567384 1916181.4803 20
935659.577274 1916181.61336 20
935659.560555 1916181.74662 20
935659.57036 1916181.86859 20
935659.57138 1916182.00171 20
935659.563445 1916182.12382 20
935659.573335 1916182.25688 20
935659.556531 1916182.37905 20
935659.557551 1916182.51217 20
935659.558571 1916182.6453 20
935659.559591 1916182.77843 20
935659.551657 1916182.90053 20
935659.561547 1916183.03359 20
935659.553612 1916183.1557 20
935659.554547 1916183.27773 20
935659.546698 1916183.41093 20
935659.556588 1916183.54399 20
935659.548738 1916183.67718 20
935659.549673 1916183.79922 20
935659.541909 1916183.94351 20
935659.533805 1916184.04342 20
935659.543694 1916184.17648 20
935659.53576 1916184.29858 20
935659.527826 1916184.42069 20
935659.53763 1916184.54265 20
935659.529611 1916184.65366 20
935659.530631 1916184.78679 20
935659.531396 1916184.88663 20
935659.523547 1916185.01983 20
935659.524312 1916185.11968 20
935659.516377 1916185.24178 20
935659.517142 1916185.34163 20
935659.518078 1916185.46366 20
935659.509973 1916185.56357 20
935659.501954 1916185.67458 20
935659.502804 1916185.78552 20
935659.494699 1916185.88544 20
935659.49555 1916185.99638 20
935659.496315 1916186.09622 20
935659.49725 1916186.21826 20
935659.489145 1916186.31817 20
935659.489996 1916186.42911 20
935659.482061 1916186.55121 20
935659.475062 1916186.79535 20
935659.467213 1916186.92855 20
935659.468233 1916187.06167 20
935659.469168 1916187.18371 20
935659.461318 1916187.3169 20
935659.462254 1916187.43894 20
935659.454319 1916187.56104 20
935659.455254 1916187.68308 20
935659.44732 1916187.80518 20
935659.439386 1916187.92728 20
935659.44919 1916188.04925 20
935659.441256 1916188.17135 20
935659.442106 1916188.28229 20
935659.434257 1916188.41548 20
935659.435107 1916188.52642 20
935659.436127 1916188.65955 20
935659.428192 1916188.78166 20
935659.429127 1916188.90369 20
935659.430063 1916189.02572 20
935659.413259 1916189.14789 20
935659.423063 1916189.26986 20
935659.415214 1916189.40306 20
935659.424849 1916189.50283 20
935659.417084 1916189.64712 20
935659.418019 1916189.76916 20
935659.418954 1916189.89119 20
935659.419975 1916190.02432 20
935659.41187 1916190.12424 20
935659.412975 1916190.26846 20
935659.404956 1916190.37947 20
935659.414846 1916190.51253 20
935659.406826 1916190.62353 20
935659.398977 1916190.75673 20
935659.399912 1916190.87877 20
935659.400847 1916191.0008 20
935659.392913 1916191.1229 20
935659.402632 1916191.23377 20
935659.377044 1916191.36711 20
935659.395803 1916191.5001 20
935659.378914 1916191.61117 20
935659.379849 1916191.73321 20
935659.389654 1916191.85517 20
935659.38172 1916191.97728 20
935659.364916 1916192.09945 20
935659.374635 1916192.21032 20
935659.358002 1916192.35468 20
935659.358852 1916192.46562 20
935659.351002 1916192.59881 20
935659.351767 1916192.69866 20
935659.343918 1916192.83186 20
935659.335899 1916192.94286 20
935659.336834 1916193.0649 20
935659.337769 1916193.18693 20
935659.329835 1916193.30904 20
935659.330855 1916193.44216 20
935659.32292 1916193.56427 20
935659.323855 1916193.6863 20
935659.324791 1916193.80833 20
935659.307987 1916193.9305 20
935659.309007 1916194.06363 20
935659.301073 1916194.18573 20
935659.301923 1916194.29667 20
935659.294158 1916194.44096 20
935659.295093 1916194.563 20
935659.287244 1916194.6962 20
935659.288264 1916194.82932 20
935659.28016 1916194.92924 20
935659.27231 1916195.06243 20
935659.264121 1916195.15125 20
935659.256187 1916195.27336 20
935659.239128 1916195.36224 20
935659.231194 1916195.48435 20
935659.223004 1916195.57317 20
935659.206115 1916195.68424 20
935659.189056 1916195.77313 20
935659.171998 1916195.86202 20
935659.146154 1916195.96207 20
935659.111441 1916196.06219 20
935659.085598 1916196.16224 20
935659.051055 1916196.28454 20
935659.016343 1916196.38466 20
935658.981715 1916196.49587 20
935658.929348 1916196.60722 20
935658.876981 1916196.71857 20
935658.806791 1916196.81896 20
935658.754339 1916196.91921 20
935658.710842 1916197.03049 20
935658.631867 1916197.14205 20
935658.57046 1916197.23127 20
935658.50027 1916197.33166 20
935658.439034 1916197.44308 20
935658.368673 1916197.52128 20
935658.298482 1916197.62167 20
935658.237076 1916197.7109 20
935658.157846 1916197.78917 20
935658.105224 1916197.86723 20
935658.052687 1916197.95639 20
935657.991196 1916198.03453 20
935657.92979 1916198.12376 20
935657.859429 1916198.20196 20
935657.806808 1916198.28002 20
935657.736447 1916198.35823 20
935657.675126 1916198.45855 20
935657.61372 1916198.54778 20
935657.543359 1916198.62598 20
935657.490822 1916198.71514 20
935657.420547 1916198.80443 20
935657.36801 1916198.89359 20
935657.306519 1916198.97173 20
935657.253897 1916199.04979 20
935657.201275 1916199.12786 20
935657.157523 1916199.20586 20
935657.096032 1916199.28399 20
935657.052364 1916199.37308 20
935657.008527 1916199.43999 20
935656.973644 1916199.51792 20
935656.929892 1916199.59591 20
935656.886055 1916199.66282 20
935656.851172 1916199.74075 20
935656.816374 1916199.82977 20
935656.781577 1916199.9188 20
935656.738079 1916200.03008 20
935656.694667 1916200.15245 20
935656.65134 1916200.28592 20
935656.607928 1916200.40829 20
935656.555901 1916200.56402 20
935656.512574 1916200.69749 20
935656.460377 1916200.83102 20
935656.42592 1916200.96442 20
935656.391462 1916201.09782 20
935656.365789 1916201.22006 20
935656.340116 1916201.3423 20
935656.323142 1916201.44228 20
935656.306338 1916201.56445 20
935656.298149 1916201.65327 20
935656.290044 1916201.75318 20
935656.281855 1916201.842 20
935656.273666 1916201.93082 20
935656.274176 1916201.99739 20
935656.274771 1916202.07505 20
935656.275281 1916202.14161 20
935656.275791 1916202.20818 20
935656.267347 1916202.26371 20
935656.276556 1916202.30802 20
935656.276981 1916202.36349 20
935656.277491 1916202.43006 20
935656.277831 1916202.47443 20
935656.278171 1916202.51881 20
935656.287381 1916202.56312 20
935656.278852 1916202.60756 20
935656.278342 1916202.541 20
935656.278427 1916202.55209 20
935656.287296 1916202.55202 20
935656.278512 1916202.56318 20
935656.287381 1916202.56312 20
935656.287381 1916202.56312 20
935656.278427 1916202.55209 20
935656.287296 1916202.55202 20
935656.278427 1916202.55209 20
935656.287296 1916202.55202 20
935656.287296 1916202.55202 20
935656.287296 1916202.55202 20
935656.287296 1916202.55202 20
935656.278427 1916202.55209 20
935656.278427 1916202.55209 20
935656.287296 1916202.55202 20
935656.278427 1916202.55209 20
935656.278427 1916202.55209 20
935656.287296 1916202.55202 20
935656.287296 1916202.55202 20
935656.278427 1916202.55209 20
935656.287296 1916202.55202 20