955547.111719 1956918.61988 0
955547.051663 1956918.94195 0
955546.974074 1956919.28631 0
955546.905192 1956919.60843 0
955546.845017 1956919.90832 0
955546.767368 1956920.24158 0
955546.707431 1956920.58584 0
955546.621135 1956920.95244 0
955546.55261 1956921.34113 0
955546.492435 1956921.64101 0
955546.423612 1956921.97423 0
955546.372501 1956922.31844 0
955546.303857 1956922.68494 0
955546.226387 1956923.05149 0
955546.157862 1956923.44018 0
955546.089337 1956923.82887 0
955546.011927 1956924.20651 0
955545.943283 1956924.57301 0
955545.883346 1956924.91728 0
955545.823528 1956925.28373 0
955545.772417 1956925.62795 0
955545.686061 1956925.98345 0
955545.626184 1956926.3388 0
955545.575251 1956926.7163 0
955545.515374 1956927.07166 0
955545.482094 1956927.44907 0
955545.466465 1956927.82638 0
955545.468549 1956928.21469 0
955545.497051 1956928.59176 0
955545.543264 1956928.97984 0
955545.607189 1956929.37891 0
955545.706418 1956929.77779 0
955545.823299 1956930.17658 0
955545.966718 1956930.58632 0
955546.154089 1956930.96255 0
955546.287967 1956931.2392 0
955546.519587 1956931.63737 0
955546.74232 1956932.0245 0
955546.920269 1956932.28982 0
955547.106925 1956932.53291 0
955547.2937 1956932.79819 0
955547.498068 1956933.05227 0
955547.702316 1956933.28417 0
955547.906624 1956933.52716 0
955548.110813 1956933.74796 0
955548.323888 1956933.97981 0
955548.56344 1956934.21152 0
955548.794048 1956934.42109 0
955549.042426 1956934.65275 0
955549.299512 1956934.86217 0
955549.57413 1956935.04931 0
955549.839863 1956935.2254 0
955550.140841 1956935.39021 0
955550.441699 1956935.53283 0
955550.742379 1956935.64217 0
955551.051945 1956935.76255 0
955551.378983 1956935.84956 0
955551.697018 1956935.90333 0
955552.023759 1956935.93486 0
955552.350441 1956935.95529 0
955552.659292 1956935.94254 0
955552.97685 1956935.90756 0
955553.276756 1956935.87266 0
955553.576722 1956935.84886 0
955554.00055 1956935.87987 0
955554.41573 1956935.94422 0
955554.839914 1956936.0418 0
955555.264158 1956936.15047 0
955555.555833 1956936.22657 0
955555.847509 1956936.30267 0
955556.139184 1956936.37877 0
955556.439745 1956936.46591 0
955556.731479 1956936.55311 0
955557.040985 1956936.6624 0
955557.341724 1956936.78283 0
955557.616105 1956936.92559 0
955557.908256 1956937.09045 0
955558.209174 1956937.24416 0
955558.501265 1956937.39792 0
955558.775705 1956937.55178 0
955559.076563 1956937.6944 0
955559.386069 1956937.80369 0
955559.677982 1956937.92417 0
955559.978602 1956938.02241 0
955560.279163 1956938.10956 0
955560.579545 1956938.16342 0
955561.021024 1956938.19434 0
955561.444614 1956938.18097 0
955561.867965 1956938.12323 0
955562.255655 1956937.9991 0
955562.616689 1956937.84184 0
955562.951007 1956937.64034 0
955563.249782 1956937.39465 0
955563.530668 1956937.10467 0
955563.758479 1956936.79279 0
955563.950807 1956936.44782 0
955564.098885 1956936.08089 0
955564.193889 1956935.69206 0
955564.244644 1956935.28128 0
955564.233616 1956934.87083 0
955564.160747 1956934.44961 0
955564.043867 1956934.05082 0
955563.936408 1956933.76293 0
955563.820122 1956933.47509 0
955563.703837 1956933.18724 0
955563.596378 1956932.89935 0
955563.479974 1956932.58932 0
955563.363748 1956932.31257 0
955563.265114 1956932.02463 0
955563.121756 1956931.62598 0
955563.014297 1956931.33809 0
955562.906302 1956930.95035 0
955562.789541 1956930.57375 0
955562.717326 1956930.27457 0
955562.617859 1956929.83131 0
955562.554411 1956929.521 0
955562.499849 1956929.22173 0
955562.462759 1956928.88908 0
955562.42573 1956928.56752 0
955562.38876 1956928.25706 0
955562.360497 1956927.92437 0
955562.332174 1956927.58058 0
955562.286259 1956927.24798 0
955562.240463 1956926.93757 0
955562.185781 1956926.61611 0
955562.087147 1956926.32817 0
955561.917192 1956925.90747 0
955561.729703 1956925.50906 0
955561.524622 1956925.12184 0
955561.31954 1956924.73462 0
955561.16807 1956924.46915 0
955560.945336 1956924.08203 0
955560.793866 1956923.81656 0
955560.63351 1956923.54005 0
955560.473153 1956923.26354 0
955560.312916 1956923.00921 0
955560.063764 1956922.63332 0
955559.903527 1956922.379 0
955559.734345 1956922.10254 0
955559.565162 1956921.82607 0
955559.378387 1956921.56079 0
955559.191553 1956921.28442 0
955559.004719 1956921.00805 0
955558.808999 1956920.72064 0
955558.613338 1956920.44431 0
955558.408792 1956920.15694 0
955558.222017 1956919.89167 0
955558.008645 1956919.60434 0
955557.786566 1956919.33926 0
955557.555661 1956919.07422 0
955557.342586 1956918.84237 0
955557.103034 1956918.61066 0
955556.845948 1956918.40124 0
955556.597807 1956918.21395 0
955556.349726 1956918.03776 0
955556.075285 1956917.88391 0
955555.800905 1956917.74115 0
955555.517817 1956917.62062 0
955555.084567 1956917.47871 0
955554.660263 1956917.35894 0
955554.235839 1956917.21699 0
955553.802649 1956917.08617 0
955553.369578 1956916.97754 0
955552.918974 1956916.8912 0
955552.61865 1956916.84843 0
955552.168284 1956916.80647 0
955551.86808 1956916.78589 0
955551.559109 1956916.77645 0
955551.117688 1956916.75663 0
955550.693978 1956916.74781 0
955550.297104 1956916.80541 0
955549.926886 1956916.89616 0
955549.583206 1956916.99786 0
955549.292542 1956917.11036 0
955549.019709 1956917.25606 0
955548.764646 1956917.42385 0
955548.509762 1956917.62493 0
955548.3428414308 1956917.7700589246 0
955548.1949389939 1956917.8533719648 0
955548.047036557 1956917.9366850047 0
955547.89913412 1956918.019998045 0
955547.7512316831 1956918.103311085 0
955547.6033292462 1956918.186624125 0
955547.4554268093 1956918.269937165 0
955547.3075243722 1956918.3532502053 0
955547.1596219353 1956918.4365632453 0
955547.0117194984 1956918.5198762855 0
