955445.491404 1956983.68256 7
955445.607037 1956983.84836 7
955445.740321 1956984.01407 7
955445.909208 1956984.23506 7
955446.087039 1956984.47819 7
955446.211558 1956984.65504 7
955446.353787 1956984.84288 7
955446.478365 1956985.03083 7
955446.620714 1956985.24087 7
955446.780775 1956985.4619 7
955446.914357 1956985.68308 7
955447.074537 1956985.92631 7
955447.243543 1956986.16949 7
955447.412489 1956986.40157 7
955447.581614 1956986.66694 7
955447.759565 1956986.93226 7
955447.937576 1956987.20868 7
955448.133119 1956987.46281 7
955448.328782 1956987.73913 7
955448.542156 1956988.02645 7
955448.75553 1956988.31377 7
955448.968905 1956988.60109 7
955449.191105 1956988.88836 7
955449.422191 1956989.18668 7
955449.662043 1956989.47386 7
955449.902014 1956989.78323 7
955450.141866 1956990.07041 7
955450.381837 1956990.37977 7
955450.612923 1956990.67809 7
955450.737381 1956990.84385 7
955450.977293 1956991.14212 7
955451.217204 1956991.44039 7
955451.341722 1956991.61724 7
955451.581693 1956991.92661 7
955451.812898 1956992.24712 7
955451.937356 1956992.41287 7
955452.177387 1956992.73333 7
955452.301905 1956992.91018 7
955452.550762 1956993.2306 7
955452.666394 1956993.3964 7
955452.799738 1956993.5732 7
955452.924196 1956993.73896 7
955453.039888 1956993.91585 7
955453.271033 1956994.22527 7
955453.484407 1956994.51259 7
955453.680129 1956994.8 7
955453.875851 1956995.08742 7
955454.053861 1956995.36383 7
955454.249344 1956995.60687 7
955454.41829 1956995.83895 7
955454.560699 1956996.06009 7
955454.711933 1956996.28117 7
955454.845396 1956996.48016 7
955454.969913 1956996.65701 7
955455.094491 1956996.84496 7
955455.263496 1956997.08814 7
955455.3969 1956997.27603 7
955455.530303 1956997.46393 7
955455.681477 1956997.67392 7
955455.814881 1956997.86181 7
955455.939339 1956998.02757 7
955456.055031 1956998.20447 7
955456.206086 1956998.39227 7
955456.348255 1956998.56902 7
955456.508256 1956998.77896 7
955456.694913 1956999.02205 7
955456.899162 1956999.25394 7
955457.121243 1956999.51903 7
955457.361035 1956999.79511 7
955457.627423 1957000.09324 7
955457.902579 1957000.38023 7
955458.212799 1957000.62265 7
955458.389974 1957000.74374 7
955458.735141 1957000.9194 7
955458.938615 1957001.00707 7
955459.327553 1957001.11593 7
955459.5485 1957001.17021 7
955459.769268 1957001.19122 7
955459.989977 1957001.20113 7
955460.219511 1957001.21099 7
955460.457633 1957001.17642 7
955460.686929 1957001.1419 7
955460.916105 1957001.0852 7
955461.145222 1957001.0174 7
955461.37416 1957000.91631 7
955461.603098 1957000.81523 7
955461.831857 1957000.68086 7
955462.060795 1957000.57977 7
955462.29838 1957000.44536 7
955462.536025 1957000.32204 7
955462.782436 1957000.18757 7
955463.020081 1957000.06425 7
955463.284084 1956999.9186 7
955463.530436 1956999.77304 7
955463.785673 1956999.63853 7
955464.049557 1956999.47069 7
955464.31356 1956999.32504 7
955464.577504 1956999.16829 7
955464.85898 1956998.98926 7
955465.105272 1956998.8326 7
955465.386748 1956998.65357 7
955465.650633 1956998.48573 7
955465.896924 1956998.32908 7
955466.151863 1956998.1391 7
955466.380384 1956997.96035 7
955466.626557 1956997.78151 7
955466.82854 1956997.59181 7
955467.048235 1956997.41311 7
955467.250218 1956997.22341 7
955467.443316 1956997.02266 7
955467.609936 1956996.82206 7
955467.767729 1956996.6215 7
955467.907812 1956996.40995 7
955468.039128 1956996.20953 7
955468.13508 1956995.99821 7
955468.231033 1956995.7869 7
955468.291741 1956995.58686 7
955468.334679 1956995.36473 7
955468.386561 1956995.16474 7
955468.411906 1956994.95381 7
955468.427471 1956994.5654 7
955468.407911 1956994.21047 7
955468.3444 1956993.88906 7
955468.254471 1956993.57888 7
955468.147128 1956993.31318 7
955468.013427 1956993.06981 7
955467.871019 1956992.84868 7
955467.728671 1956992.63864 7
955467.595268 1956992.45075 7
955467.453098 1956992.27399 7
955467.319755 1956992.09719 7
955467.195297 1956991.93144 7
955467.008699 1956991.69945 7
955466.830987 1956991.4785 7
955466.706529 1956991.31275 7
955466.56442 1956991.14709 7
955466.431136 1956990.98138 7
955466.288966 1956990.80463 7
955466.137911 1956990.61682 7
955465.986856 1956990.42902 7
955465.826915 1956990.23017 7
955465.684627 1956990.03123 7
955465.533571 1956989.84343 7
955465.400168 1956989.65553 7
955465.27571 1956989.48978 7
955465.106824 1956989.26879 7
955464.946883 1956989.06994 7
955464.804535 1956988.8599 7
955464.662306 1956988.67205 7
955464.528843 1956988.47306 7
955464.377788 1956988.28526 7
955464.208782 1956988.04208 7
955464.004235 1956987.75471 7
955463.746612 1956987.44544 7
955463.622154 1956987.27969 7
955463.480044 1956987.11403 7
955463.328929 1956986.91513 7
955463.151396 1956986.72747 7
955463.009286 1956986.56181 7
955462.813922 1956986.34096 7
955462.618558 1956986.12011 7
955462.432199 1956985.9325 7
955462.20165 1956985.73403 7
955461.988694 1956985.52438 7
955461.749319 1956985.32595 7
955461.483586 1956985.14986 7
955461.217793 1956984.96268 7
955460.916875 1956984.80897 7
955460.616196 1956984.69964 7
955460.333228 1956984.6013 7
955460.024021 1956984.54749 7
955459.732585 1956984.51577 7
955459.432502 1956984.51739 7
955459.141424 1956984.55223 7
955458.868177 1956984.62027 7
955458.603815 1956984.69936 7
955458.330807 1956984.81177 7
955458.093161 1956984.9351 7
955457.873288 1956985.08051 7
955457.644647 1956985.23707 7
955457.433599 1956985.38244 7
955457.231437 1956985.53885 7
955457.020389 1956985.68422 7
955456.800456 1956985.81854 7
955456.598234 1956985.96386 7
955456.404719 1956986.08695 7
955456.202497 1956986.23227 7
955455.99133 1956986.35545 7
955455.797755 1956986.46744 7
955455.577702 1956986.57957 7
955455.375182 1956986.66942 7
955455.181428 1956986.74812 7
955454.961018 1956986.79369 7
955454.767145 1956986.85021 7
955454.546794 1956986.90687 7
955454.33509 1956986.93019 7
955453.929751 1956987.05442 7
955453.559717 1956987.17845 7
955453.374789 1956987.25711 7
955453.058068 1956987.44742 7
955452.768004 1956987.67088 7
955452.513304 1956987.90524 7
955452.302793 1956988.15046 7
955452.11882 1956988.40664 7
955451.97015 1956988.66262 7
955451.856785 1956988.91841 7
955451.760952 1956989.15192 7
955451.691597 1956989.38528 7
955451.64866 1956989.60741 7
955451.623256 1956989.80726 7
955451.607036 1956990.07362 7
955451.608288 1956990.30661 7
955451.636078 1956990.55055 7
955451.66363 1956990.75011 7
955451.59171 1956990.50641 7
955451.510964 1956990.26275 7
955451.412387 1956989.98591 7
955451.322636 1956989.70902 7
955451.233064 1956989.46541 7
955451.152378 1956989.23286 7
955451.080696 1956989.03353 7
955450.982358 1956988.80107 7
955450.892965 1956988.59075 7
955450.794806 1956988.39156 7
955450.661164 1956988.15929 7
955450.483213 1956987.89397 7
955450.252306 1956987.62893 7
955449.977269 1956987.36413 7
955449.80886 1956987.2319 7
955449.622918 1956987.12195 7
955449.436976 1956987.012 7
955449.25992 1956986.9131 7
955449.047679 1956986.83658 7
955448.85315 1956986.77105 7
955448.667387 1956986.69439 7
955448.472858 1956986.62886 7
955448.110218 1956986.48658 7
955447.924395 1956986.39882 7
955447.614532 1956986.22297 7
955447.339793 1956986.01364 7
955447.082647 1956985.79313 7
955446.834267 1956985.56147 7
955446.621251 1956985.34072 7
955446.399409 1956985.12001 7
955446.177685 1956984.9215 7
955445.973614 1956984.72288 7
955445.804847 1956984.52408 7
955445.636199 1956984.34747 7
955445.493969 1956984.15962 7
955445.360625 1956983.98282 7
955445.227281 1956983.80602 7
955445.058335 1956983.57394 7
