955466.499419 1956987.26422 0
955466.27716 1956986.96585 0
955466.046134 1956986.67863 0
955465.788452 1956986.35826 0
955465.575197 1956986.09313 0
955465.370769 1956985.82795 0
955465.148629 1956985.55177 0
955464.917663 1956985.27564 0
955464.66004 1956984.96637 0
955464.411184 1956984.64595 0
955464.162268 1956984.31444 0
955463.904525 1956983.98298 0
955463.637898 1956983.64047 0
955463.362325 1956983.27582 0
955463.104463 1956982.92217 0
955462.846602 1956982.56852 0
955462.588859 1956982.23706 0
955462.304639 1956981.90574 0
955462.03819 1956981.59651 0
955461.736437 1956981.28748 0
955461.426037 1956981.01177 0
955461.106931 1956980.75831 0
955460.770291 1956980.52712 0
955460.433711 1956980.30703 0
955460.070892 1956980.13147 0
955459.725904 1956979.98909 0
955459.337024 1956979.89132 0
955458.93097 1956979.88241 0
955458.568986 1956979.86217 0
955458.101447 1956979.90906 0
955457.748886 1956979.99971 0
955457.36108 1956980.10165 0
955456.947273 1956980.29249 0
955456.577715 1956980.50528 0
955456.181858 1956980.7515 0
955455.812659 1956981.03085 0
955455.46129 1956981.3434 0
955455.136458 1956981.6669 0
955454.829398 1956982.01249 0
955454.557881 1956982.40227 0
955454.339319 1956982.79177 0
955454.173833 1956983.20317 0
955454.026058 1956983.62557 0
955453.913647 1956984.05888 0
955453.827773 1956984.50314 0
955453.750725 1956984.94735 0
955453.682563 1956985.4026 0
955453.649704 1956985.85767 0
955453.616906 1956986.32383 0
955453.592993 1956986.80104 0
955453.586672 1956987.26706 0
955453.598122 1956987.75518 0
955453.609633 1956988.25439 0
955453.629849 1956988.73136 0
955453.659011 1956989.23047 0
955453.705825 1956989.72949 0
955453.770291 1956990.22842 0
955453.870001 1956990.71606 0
955454.031374 1956991.18117 0
955454.245643 1956991.63491 0
955454.521395 1956992.03285 0
955454.849983 1956992.40831 0
955455.195985 1956992.7393 0
955455.568346 1956993.04795 0
955455.949711 1956993.38984 0
955456.27812 1956993.73202 0
955456.571465 1956994.11876 0
955456.829744 1956994.55008 0
955457.026479 1956995.0261 0
955457.161553 1956995.52464 0
955457.226138 1956996.04576 0
955457.281956 1956996.57801 0
955457.311416 1956997.1326 0
955457.402598 1956997.67576 0
955457.58204 1956998.21845 0
955457.822905 1956998.69423 0
955458.142966 1956999.12521 0
955458.52451 1956999.50039 0
955458.949706 1956999.78657 0
955459.392256 1957000.01718 0
955459.869693 1957000.16995 0
955460.355657 1957000.26719 0
955460.885631 1957000.342 0
955461.406542 1957000.37249 0
955461.944925 1957000.36959 0
955462.474363 1957000.34456 0
955462.986029 1957000.29743 0
955463.506283 1957000.20587 0
955464.026239 1957000.05884 0
955464.519479 1956999.86758 0
955464.994888 1956999.64313 0
955465.44364 1956999.38553 0
955465.874442 1956999.07256 0
955466.305184 1956998.74849 0
955466.726982 1956998.40228 0
955467.157545 1956998.04493 0
955467.60588 1956997.70967 0
955468.045389 1956997.37446 0
955468.520142 1956997.02797 0
955468.977303 1956996.69267 0
955469.381329 1956996.32436 0
955469.732102 1956995.90087 0
955470.02962 1956995.42219 0
955470.185864 1956994.93318 0
955470.297859 1956994.42221 0
955470.339007 1956993.86724 0
955470.415519 1956993.32318 0
955470.439075 1956992.7794 0
955470.391905 1956992.21382 0
955470.247768 1956991.67094 0
955470.024495 1956991.18397 0
955469.730794 1956990.73065 0
955469.366842 1956990.34429 0
955468.967646 1956989.96921 0
955468.550858 1956989.60531 0
955468.32031 1956989.40685 0
955467.903403 1956989.02076 0
955467.681621 1956988.81115 0
955467.273122 1956988.34736 0
955467.2731218227 1956988.3473624554 0
955467.1760437323 1956988.215902204 0
955467.0789656418 1956988.0844419526 0
955466.9818875514 1956987.9529817011 0
955466.8848094608 1956987.8215214496 0
955466.7877313704 1956987.6900611983 0
955466.6906532799 1956987.5586009468 0
955466.5935751895 1956987.4271406953 0
955466.4964970989 1956987.295680444 0
955466.3994190085 1956987.1642201925 0
