955550.489456 1956919.75563 0
955550.216742 1956919.92351 0
955549.908902 1956920.12487 0
955549.583469 1956920.33742 0
955549.310814 1956920.5164 0
955549.01186 1956920.72881 0
955548.704139 1956920.95236 0
955548.458022 1956921.14229 0
955548.211964 1956921.34332 0
955547.974792 1956921.5554 0
955547.728854 1956921.77861 0
955547.474208 1956922.02407 0
955547.237274 1956922.28052 0
955547.000459 1956922.55916 0
955546.763763 1956922.86 0
955546.527127 1956923.17192 0
955546.299555 1956923.52818 0
955546.089635 1956923.88434 0
955545.915078 1956924.25141 0
955545.775886 1956924.62939 0
955545.689709 1956925.01817 0
955545.656488 1956925.40667 0
955545.676342 1956925.81707 0
955545.731382 1956926.2051 0
955545.839318 1956926.58175 0
955546.00021 1956926.95811 0
955546.214059 1956927.33419 0
955546.480625 1956927.66561 0
955546.791143 1956927.9635 0
955547.145673 1956928.23897 0
955547.393754 1956928.41516 0
955547.668254 1956928.58011 0
955547.960405 1956928.74497 0
955548.261324 1956928.89868 0
955548.544709 1956929.07468 0
955548.854691 1956929.27273 0
955549.173499 1956929.47072 0
955549.474656 1956929.66882 0
955549.767164 1956929.90024 0
955550.068559 1956930.14271 0
955550.378779 1956930.38514 0
955550.653814 1956930.64994 0
955550.920321 1956930.97026 0
955551.169057 1956931.26849 0
955551.409204 1956931.61114 0
955551.614286 1956931.99836 0
955551.819368 1956932.38559 0
955551.998031 1956932.78404 0
955552.194524 1956933.21569 0
955552.417317 1956933.61391 0
955552.648877 1956934.00099 0
955552.906855 1956934.37683 0
955553.199959 1956934.7192 0
955553.519421 1956935.03924 0
955553.847532 1956935.32595 0
955554.20206 1956935.60142 0
955554.573943 1956935.82132 0
955554.954593 1956936.03009 0
955555.361304 1956936.16104 0
955555.767956 1956936.2809 0
955556.200966 1956936.37844 0
955556.624972 1956936.44273 0
955557.048859 1956936.48484 0
955557.481453 1956936.50471 0
955557.913928 1956936.50239 0
955558.337458 1956936.47793 0
955558.769695 1956936.43123 0
955559.219524 1956936.37334 0
955559.633871 1956936.28236 0
955560.04798 1956936.147 0
955560.435432 1956935.9785 0
955560.796169 1956935.76576 0
955561.103711 1956935.50893 0
955561.393423 1956935.21891 0
955561.656537 1956934.90684 0
955561.85781 1956934.58401 0
955562.014834 1956934.23922 0
955562.136435 1956933.87244 0
955562.213905 1956933.50589 0
955562.282371 1956933.10611 0
955562.297881 1956932.70661 0
955562.304803 1956932.35153 0
955562.25865 1956931.97455 0
955562.18584 1956931.56443 0
955562.139687 1956931.18745 0
955562.05823 1956930.81066 0
955561.967828 1956930.41173 0
955561.84224 1956930.03518 0
955561.707648 1956929.62539 0
955561.555583 1956929.24898 0
955561.377039 1956928.87271 0
955561.189669 1956928.49649 0
955560.984767 1956928.14255 0
955560.735555 1956927.75557 0
955560.495289 1956927.39072 0
955560.21954 1956926.99278 0
955559.92596 1956926.56166 0
955559.623435 1956926.10839 0
955559.285368 1956925.61093 0
955558.956187 1956925.12452 0
955558.778119 1956924.83701 0
955558.617882 1956924.58269 0
955558.279815 1956924.08523 0
955558.110573 1956923.79767 0
955557.94145 1956923.5323 0
955557.763501 1956923.26698 0
955557.434201 1956922.75838 0
955557.247485 1956922.5042 0
955556.874352 1956922.05131 0
955556.652571 1956921.84169 0
955556.395485 1956921.63227 0
955555.934865 1956921.32408 0
955555.430352 1956921.06051 0
955554.873181 1956920.8527 0
955554.342727 1956920.68912 0
955553.847635 1956920.53644 0
955553.547253 1956920.48258 0
955553.043395 1956920.34105 0
955552.522182 1956920.25509 0
955551.983675 1956920.23579 0
955551.7453721545 1956920.2370639395 0
955551.5947148185 1956920.1724596708 0
955551.4440574825 1956920.1078554024 0
955551.2934001465 1956920.0432511338 0
955551.1427428105 1956919.9786468653 0
955550.9920854745 1956919.9140425967 0
955550.8414281385 1956919.8494383283 0
955550.6907708026 1956919.7848340597 0
955550.5401134666 1956919.7202297912 0
955550.3894561306 1956919.6556255226 0
