955556.050816 1956898.51234 9
955556.050757 1956898.50125 9
955556.059643 1956898.51229 9
955556.050816 1956898.51234 9
955556.050816 1956898.51234 9
955556.050816 1956898.51234 9
955556.050816 1956898.51234 9
955556.050816 1956898.51234 9
955556.050816 1956898.51234 9
955556.050816 1956898.51234 9
955556.050757 1956898.50125 9
955556.050816 1956898.51234 9
955556.050816 1956898.51234 9
955556.050816 1956898.51234 9
955556.050816 1956898.51234 9
955556.050816 1956898.51234 9
955556.050876 1956898.52344 9
955556.050876 1956898.52344 10
955556.050816 1956898.51234 10
955556.050876 1956898.52344 10
955556.050816 1956898.51234 10
955556.050816 1956898.51234 10
955556.059702 1956898.52339 10
955556.050876 1956898.52344 10
955556.059702 1956898.52339 10
955556.050876 1956898.52344 10
955556.050876 1956898.52344 10
955556.059702 1956898.52339 10
955556.059762 1956898.53448 10
955556.068647 1956898.54553 10
955556.077533 1956898.55658 10
955556.095363 1956898.58977 10
955556.130787 1956898.61177 10
955556.166388 1956898.66705 10
955556.210876 1956898.73338 10
955556.255363 1956898.79971 10
955556.317622 1956898.88814 10
955556.388647 1956898.96542 10
955556.468617 1956899.06484 10
955556.548587 1956899.16427 10
955556.628616 1956899.27479 10
955556.735184 1956899.39626 10
955556.832866 1956899.50669 10
955556.930785 1956899.66149 10
955557.037353 1956899.78296 10
955557.152924 1956899.93767 10
955557.277263 1956900.08124 10
955557.383949 1956900.2249 10
955557.525999 1956900.37947 10
955557.641631 1956900.54527 10
955557.766028 1956900.69993 10
955557.899312 1956900.86564 10
955558.014824 1956901.00925 10
955558.130396 1956901.16396 10
955558.254735 1956901.30753 10
955558.352476 1956901.42905 10
955558.476993 1956901.6059 10
955558.58356 1956901.72737 10
955558.690187 1956901.85994 10
955558.814584 1956902.0146 10
955558.921211 1956902.14717 10
955559.036902 1956902.32407 10
955559.152355 1956902.45659 10
955559.294524 1956902.63334 10
955559.436693 1956902.8101 10
955559.56115 1956902.97585 10
955559.738861 1956903.1968 10
955559.854374 1956903.34041 10
955559.996602 1956903.52826 10
955560.129945 1956903.70507 10
955560.245398 1956903.83759 10
955560.369855 1956904.00334 10
955560.476541 1956904.147 10
955560.618532 1956904.29048 10
955560.725218 1956904.43414 10
955560.840671 1956904.56666 10
955560.956242 1956904.72137 10
955561.053864 1956904.8207 10
955561.169317 1956904.95322 10
955561.258232 1956905.07478 10
955561.364859 1956905.20735 10
955561.453833 1956905.34001 10
955561.551455 1956905.43934 10
955561.666849 1956905.56077 10
955561.746938 1956905.68238 10
955561.835734 1956905.78176 10
955561.94242 1956905.92542 10
955562.040161 1956906.04694 10
955562.155614 1956906.17946 10
955562.288778 1956906.32298 10
955562.413176 1956906.47764 10
955562.537573 1956906.6323 10
955562.688509 1956906.79792 10
955562.848389 1956906.98567 10
955562.99038 1956907.12914 10
955563.141434 1956907.31695 10
955563.274717 1956907.48266 10
955563.399055 1956907.62622 11
955563.541165 1956907.79188 11
955563.656677 1956907.9355 11
955563.781015 1956908.07907 11
955563.887701 1956908.22273 11
955564.003154 1956908.35525 11
955564.109721 1956908.47672 11
955564.216347 1956908.60929 11
955564.322974 1956908.74185 11
955564.41177 1956908.84123 11
955564.518396 1956908.9738 11
955564.589481 1956909.06218 11
955564.687103 1956909.16151 11
955564.784903 1956909.29412 11
955564.882525 1956909.39345 11
955564.998037 1956909.53707 11
955565.131142 1956909.66949 11
955565.264366 1956909.82411 11
955565.379878 1956909.96772 11
955565.486445 1956910.08919 11
955565.610843 1956910.24385 11
955565.708524 1956910.35428 11
955565.806265 1956910.4758 11
955565.921718 1956910.60832 11
955566.019399 1956910.71874 11
955566.134792 1956910.84017 11
955566.241419 1956910.97274 11
955566.321389 1956911.07216 11
955566.436722 1956911.18249 11
955566.507866 1956911.28196 11
955566.605488 1956911.38129 11
955566.694284 1956911.48067 11
955566.765368 1956911.56905 11
955566.845219 1956911.64629 11
955566.934134 1956911.76785 11
955567.040582 1956911.86714 11
955567.138323 1956911.98866 11
955567.262602 1956912.12113 11
955567.369109 1956912.23151 11
955567.493447 1956912.37507 11
955567.608781 1956912.4854 11
955567.706462 1956912.59583 11
955567.804262 1956912.72844 11
955567.902003 1956912.84996 11
955567.973147 1956912.94944 11
955568.070888 1956913.07096 11
955568.150798 1956913.15929 11
955568.230828 1956913.26981 11
955568.301912 1956913.35819 11
955568.372996 1956913.44656 11
955568.444081 1956913.53494 11
955568.515105 1956913.61222 11
955568.586249 1956913.7117 11
955568.648448 1956913.78903 11
955568.719532 1956913.87741 11
955568.790557 1956913.95469 11
955568.84387 1956914.02097 11
955568.897243 1956914.09835 11
955568.959382 1956914.16459 11
955569.021581 1956914.24192 11
955569.08378 1956914.31925 11
955569.154864 1956914.40763 11
955569.234834 1956914.50705 11
955569.32357 1956914.59534 11
955569.403659 1956914.71695 11
955569.483569 1956914.80528 11
955569.58137 1956914.9379 11
955569.670225 1956915.04837 11
955569.75914 1956915.16994 11
955569.865707 1956915.29141 11
955569.945796 1956915.41302 11
955570.034651 1956915.52349 11
955570.141277 1956915.65606 11
955570.221247 1956915.75549 11
955570.319047 1956915.8881 11
955570.399017 1956915.98753 11
955570.487873 1956916.098 11
955570.559016 1956916.19747 11
955570.647812 1956916.29685 11
955570.727841 1956916.40737 11
955570.816697 1956916.51784 11
955570.923204 1956916.62822 11
955571.021004 1956916.76083 11
955571.12769 1956916.9045 11
955571.22555 1956917.04821 11
955571.341062 1956917.19182 11
955571.438981 1956917.34662 11
955571.554374 1956917.46805 11
955571.643408 1956917.6118 19
955571.741089 1956917.72223 19
955571.830004 1956917.8438 19
955571.927685 1956917.95422 19
955572.007774 1956918.07584 19
955572.087803 1956918.18636 19
955572.167832 1956918.29688 19
955572.247862 1956918.4074 19
955572.327831 1956918.50682 19
955572.40792 1956918.62844 20
955572.479004 1956918.71681 20
955572.558974 1956918.81624 20
955572.621351 1956918.92685 20
955572.70138 1956919.03737 20
955572.781469 1956919.15899 20
955572.87921 1956919.28051 20
955572.968184 1956919.41317 20
955573.065925 1956919.53469 20
955573.163844 1956919.68949 20
955573.27053 1956919.83316 20
955573.386161 1956919.99896 20
955573.48408 1956920.15376 20
955573.617422 1956920.33057 20
955573.715401 1956920.49646 20
955573.831032 1956920.66227 20
955573.955429 1956920.81693 20
955574.044463 1956920.96069 20
955574.159975 1956921.1043 20
955574.257894 1956921.2591 20
955574.36446 1956921.38058 20
955574.444668 1956921.52438 20
955574.542409 1956921.6459 20
955574.622497 1956921.76751 20
955574.711412 1956921.88908 20
955574.800327 1956922.01065 20
955574.87153 1956922.12122 20
955574.9515 1956922.22064 20
955575.013877 1956922.33126 20
955575.08502 1956922.43073 20
955575.173876 1956922.5412 20
955575.253905 1956922.65172 20
955575.316222 1956922.75124 20
955575.387425 1956922.86181 20
955575.476281 1956922.97228 20
955575.57414 1956923.11599 20
955575.672 1956923.2597 20
955575.778686 1956923.40336 20
955575.867719 1956923.54712 20
955576.009947 1956923.73497 20
955576.107926 1956923.90087 20
955576.250153 1956924.08872 20
955576.374729 1956924.27666 20
955576.50819 1956924.47566 20
955576.641651 1956924.67465 20
955576.774993 1956924.85145 20
955576.890624 1956925.01726 20
955577.006374 1956925.20525 20
955577.122004 1956925.37105 20
955577.219923 1956925.52586 20
955577.34438 1956925.69161 20
955577.433354 1956925.82427 20
955577.540278 1956926.01231 20
955577.638078 1956926.14493 20
955577.72723 1956926.31087 20
955577.82503 1956926.44349 20
955577.914064 1956926.58724 20
955578.011864 1956926.71986 20
955578.083127 1956926.84152 20
955578.172101 1956926.97418 20
955578.252189 1956927.0958 20
955578.332218 1956927.20632 20
955578.421073 1956927.31679 20
955578.492336 1956927.43845 20
955578.554653 1956927.53797 20
955578.625856 1956927.64854 20
955578.688055 1956927.72587 20
955578.759258 1956927.83644 20
955578.812631 1956927.91382 20
955578.866122 1956928.01338 20
955578.937147 1956928.09067 20
955578.990579 1956928.17914 20
955579.035125 1956928.25656 20
955579.088438 1956928.32285 20
955579.132925 1956928.38918 20
955579.177412 1956928.45551 20
955579.221959 1956928.53294 20
955579.275153 1956928.57703 20
955579.301928 1956928.63236 20
955579.33747 1956928.67655 20
955579.373072 1956928.73183 20
955579.408614 1956928.77602 20
955579.461986 1956928.8534 20
955579.497588 1956928.90868 20
955579.559786 1956928.98602 20
955579.604333 1956929.06344 20
955579.657705 1956929.14082 20
955579.728849 1956929.24029 20
955579.791107 1956929.32872 20
955579.871076 1956929.42814 20
955579.933513 1956929.54985 20
955580.013482 1956929.64928 20
955580.102456 1956929.78194 20
955580.200137 1956929.89236 20
955580.289111 1956930.02503 20
955580.377967 1956930.1355 20
955580.458114 1956930.26821 20
955580.54697 1956930.37868 20
955580.618113 1956930.47815 20
955580.689316 1956930.58872 20
955580.760459 1956930.68819 20
955580.849374 1956930.80976 20
955580.938348 1956930.94242 20
955581.027203 1956931.0529 20
955581.124944 1956931.17442 20
955581.196206 1956931.29608 20
955581.28512 1956931.41764 20
955581.365149 1956931.52816 20
955581.445119 1956931.62759 20
955581.507496 1956931.7382 20
955581.587465 1956931.83763 20
955581.658549 1956931.92601 20
955581.738578 1956932.03653 20
955581.818607 1956932.14705 20
955581.898755 1956932.27976 20
955581.98767 1956932.40132 20
955582.076584 1956932.52289 20
955582.156673 1956932.64451 20
955582.245468 1956932.74388 20
955582.316612 1956932.84336 20
955582.387814 1956932.95392 20
955582.450072 1956933.04235 20
955582.530042 1956933.14178 20
955582.583474 1956933.23025 20
955582.645672 1956933.30758 20
955582.70793 1956933.396 20
955582.761303 1956933.47338 20
955582.832387 1956933.56176 20
955582.8857 1956933.62804 20
955582.930246 1956933.70547 20
955582.983559 1956933.77175 20
955583.01922 1956933.83813 20
955583.072474 1956933.89332 20
955583.081419 1956933.91546 20
955583.001509 1956933.82713 20
955583.027987 1956933.82699 20
955583.054643 1956933.86013 20
955583.045758 1956933.84908 20
955583.036932 1956933.84913 20
955583.036872 1956933.83804 20
955583.045817 1956933.86018 20
955583.036872 1956933.83804 20
955583.036991 1956933.86023 20
955583.036872 1956933.83804 20
955583.036932 1956933.84913 20
955583.036932 1956933.84913 20
955583.036932 1956933.84913 20
955583.036932 1956933.84913 20
955583.028106 1956933.84918 20
955583.036932 1956933.84913 20
955583.036932 1956933.84913 20
955583.036932 1956933.84913 20
955583.036932 1956933.84913 20
955583.036991 1956933.86023 20
955583.036932 1956933.84913 20
955583.036932 1956933.84913 20
955583.036932 1956933.84913 20
955583.036991 1956933.86023 20
955583.036932 1956933.84913 20
955583.036932 1956933.84913 20
955583.036932 1956933.84913 20
955583.036932 1956933.84913 20
955583.036932 1956933.84913 20
955583.036932 1956933.84913 20
955583.036932 1956933.84913 20
955583.028106 1956933.84918 20
955583.036932 1956933.84913 20
955583.036872 1956933.83804 20
955583.036932 1956933.84913 20
955583.036932 1956933.84913 20
955583.036872 1956933.83804 20
955583.036872 1956933.83804 20
955583.036932 1956933.84913 20
955583.036932 1956933.84913 20
955583.036932 1956933.84913 20
955583.036932 1956933.84913 20
955583.036932 1956933.84913 20
955583.036932 1956933.84913 20
955583.028046 1956933.83808 20
955583.036932 1956933.84913 20
955583.028046 1956933.83808 20
955583.036932 1956933.84913 20
955583.028046 1956933.83808 20
955583.036872 1956933.83804 20
955583.036932 1956933.84913 20
955583.036932 1956933.84913 20
955583.036932 1956933.84913 20
955583.036932 1956933.84913 20
955583.036872 1956933.83804 20
955583.028106 1956933.84918 20
955583.028106 1956933.84918 20
955583.036932 1956933.84913 20
955583.028106 1956933.84918 20
955583.036932 1956933.84913 20
