935570.207679 1915897.26732 5
935570.137726 1915897.30465 5
935570.073851 1915897.33635 5
935569.987743 1915897.37952 5
935569.92324 1915897.41206 5
935569.847334 1915897.45039 5
935569.758246 1915897.49536 5
935569.684592 1915897.53263 5
935569.623081 1915897.56814 5
935569.542176 1915897.60908 5
935569.457988 1915897.65314 5
935569.3954 1915897.68657 5
935569.280658 1915897.7482 5
935569.212802 1915897.78459 5
935569.132865 1915897.82726 5
935569.034965 1915897.87964 5
935568.947846 1915897.92671 5
935568.856779 1915897.97603 5
935568.752557 1915898.03271 5
935568.644292 1915898.09128 5
935568.52146 1915898.15828 5
935568.455885 1915898.19397 5
935568.326666 1915898.26429 5
935568.2458 1915898.30828 5
935568.117372 1915898.37825 5
935568.032492 1915898.42437 5
935567.899357 1915898.49658 5
935567.81431 1915898.54283 5
935567.645323 1915898.63436 5
935567.539789 1915898.6915 5
935567.398717 1915898.76786 5
935567.291883 1915898.82572 5
935567.16458 1915898.89497 5
935567.081379 1915898.94026 5
935566.988822 1915898.99066 5
935566.902016 1915899.03773 5
935566.786028 1915899.10045 5
935566.719435 1915899.13661 5
935566.614256 1915899.19352 5
935566.512268 1915899.24877 5
935566.435705 1915899.29027 5
935566.329675 1915899.34765 5
935566.242236 1915899.3952 5
935566.164497 1915899.43729 5
935565.965926 1915899.54507 5
935565.864741 1915899.59997 5
935565.79394 1915899.63839 5
935565.698753 1915899.68996 5
935565.588197 1915899.74972 5
935565.519441 1915899.78682 5
935565.430752 1915899.8346 5
935565.343068 1915899.88214 5
935565.277407 1915899.91771 5
935565.194166 1915899.96289 5
935565.124393 1915900.00071 5
935565.052012 1915900.03971 5
935564.976177 1915900.08098 5
935564.902021 1915900.12129 5
935564.838617 1915900.15568 5
935564.768998 1915900.19338 5
935564.691313 1915900.23547 5
935564.602469 1915900.28336 5
935564.461086 1915900.36008 5
935564.375538 1915900.40644 5
935564.313814 1915900.43975 5
935564.225082 1915900.48728 5
935564.134785 1915900.53588 5
935563.983592 1915900.61756 5
935563.8891 1915900.66878 5
935563.822425 1915900.70483 5
935563.619015 1915900.81497 5
935563.554178 1915900.85006 5
935563.348433 1915900.96176 5
935563.08239 1915901.10581 5
935562.904737 1915901.20172 5
935562.814553 1915901.25069 5
935562.637915 1915901.34637 5
935562.542043 1915901.39806 5
935562.416736 1915901.46575 5
935562.314294 1915901.52124 5
935562.234899 1915901.5644 5
935562.168435 1915901.60032 5
935562.020012 1915901.67949 5
935561.941214 1915901.7179 5
935561.820888 1915901.77835 5
935561.755174 1915901.81295 5
935561.644211 1915901.87098 5
935561.57644 1915901.9064 5
935561.471726 1915901.96063 5
935561.378573 1915902.00845 5
935561.268478 1915902.06418 5
935561.169318 1915902.10777 5
935561.093683 1915902.14488 5
935560.991711 1915902.19477 5
935560.891795 1915902.24322 5
935560.788938 1915902.29101 5
935560.717569 1915902.31904 5
935560.647209 1915902.34575 5
935560.547799 1915902.38921 5
935560.474888 1915902.4188 5
935560.38781 1915902.44696 5
935560.310795 1915902.47539 5
935560.236908 1915902.50204 5
935560.164776 1915902.52774 5
935560.088632 1915902.55436 5
935560.012302 1915902.58024 5
935559.938687 1915902.6047 5
935559.807032 1915902.6485 5
935559.708835 1915902.68111 5
935559.633551 1915902.70567 5
935559.565251 1915902.72826 5
935559.469376 1915902.76018 5
935559.388291 1915902.78989 5
935559.314102 1915902.82069 5
935559.206934 1915902.86328 5
935559.128864 1915902.89304 5
935559.058994 1915902.92208 5
935558.964585 1915902.96159 5
935558.876733 1915902.99839 5
935558.770816 1915903.04357 5
935558.65563 1915903.09275 5
935558.55416 1915903.1363 5
935558.471907 1915903.1716 5
935558.397365 1915903.20349 5
935558.289721 1915903.24987 5
935558.217628 1915903.28082 5
935558.130456 1915903.31825 5
935558.048866 1915903.35307 5
935557.958788 1915903.39167 5
935557.865741 1915903.4312 5
935557.774048 1915903.4699 5
935557.671537 1915903.51367 5
935557.602597 1915903.54345 5
935557.497731 1915903.58853 5
935557.384114 1915903.63737 5
935557.317665 1915903.66585 5
935557.174593 1915903.7274 5
935557.053251 1915903.7793 5
935556.97655 1915903.81225 5
935556.880657 1915903.85344 5
935556.574284 1915903.9849 5
935556.424699 1915904.05196 5
935556.332869 1915904.09163 5
935556.21481 1915904.14333 5
935556.131388 1915904.18069 5
935556.03702 1915904.22338 5
935555.950585 1915904.26215 5
935555.857781 1915904.30388 5
935555.784389 1915904.3386 5
935555.689185 1915904.38517 5
935555.619028 1915904.41762 5
935555.537424 1915904.45525 5
935555.458217 1915904.49183 5
935555.393602 1915904.52155 5
935555.327107 1915904.55247 5
935555.257074 1915904.58504 5
935555.18649 1915904.61797 5
935555.123013 1915904.64784 5
935555.059531 1915904.68113 5
935554.965449 1915904.73418 5
935554.840338 1915904.79749 5
935554.774031 1915904.83146 5
935554.700958 1915904.86935 5
935554.634798 1915904.90394 5
935554.558432 1915904.94434 5
935554.483856 1915904.98392 5
935554.39485 1915905.03169 5
935554.327599 1915905.06772 5
935554.264752 1915905.10138 5
935554.155987 1915905.15786 5
935554.072211 1915905.20096 5
935554.000417 1915905.23875 5
935553.885507 1915905.29867 5
935553.771644 1915905.35801 5
935553.671078 1915905.4106 5
935553.566164 1915905.46544 5
935553.503299 1915905.49812 5
935553.394985 1915905.55425 5
935553.282186 1915905.61262 5
935553.138916 1915905.68308 5
935553.035184 1915905.73647 5
935552.938897 1915905.78523 5
935552.826118 1915905.8414 5
935552.757418 1915905.87546 5
935552.609853 1915905.94842 5
935552.532816 1915905.98637 5
935552.43501 1915906.03448 5
935552.287897 1915906.10659 5
935552.213028 1915906.14348 5
935552.126941 1915906.1858 5
935552.037656 1915906.22978 5
935551.954114 1915906.27081 5
935551.772718 1915906.35994 5
935551.688168 1915906.40156 5
935551.607879 1915906.44092 5
935551.482518 1915906.50264 5
935551.398767 1915906.5439 5
935551.328209 1915906.57854 5
935551.203363 1915906.64002 5
935551.098929 1915906.69132 5
935551.034984 1915906.72277 5
935550.905469 1915906.78649 5
935550.805526 1915906.83567 5
935550.681464 1915906.8968 5
935550.614801 1915906.92967 5
935550.481109 1915906.99564 5
935550.242362 1915907.11328 5
935550.000726 1915907.23234 5
935549.895204 1915907.28436 5
935549.797532 1915907.33248 5
935549.688529 1915907.38615 5
935549.59001 1915907.43475 5
935549.476931 1915907.49056 5
935549.380187 1915907.53784 5
935549.25879 1915907.59705 5
935549.195483 1915907.62802 5
935549.086858 1915907.68146 5
935549.007713 1915907.72035 5
935548.925304 1915907.7609 5
935548.82917 1915907.80795 5
935548.751907 1915907.84577 5
935548.674384 1915907.88359 5
935548.586201 1915907.92662 5
935548.513748 1915907.96196 5
935548.356999 1915908.03831 5
935548.284639 1915908.07377 5
935548.146802 1915908.14114 5
935548.079226 1915908.17424 5
935548.00358 1915908.21136 5
935547.876579 1915908.27366 5
935547.760269 1915908.33076 5
935547.692748 1915908.36386 5
935547.562577 1915908.42769 5
935547.436294 1915908.48963 5
935547.318922 1915908.5472 5
935547.194663 1915908.60796 5
935547.041298 1915908.68302 5
935546.944264 1915908.73005 5
935546.836827 1915908.78204 5
935546.765686 1915908.81667 5
935546.685134 1915908.85603 5
935546.608193 1915908.89362 5
935546.500576 1915908.94622 5
935546.349106 1915909.02045 5
935546.256774 1915909.06573 5
935546.183362 1915909.10178 5
935546.099948 1915909.14342 5
935545.998284 1915909.19745 5
935545.933244 1915909.23096 5
935545.840951 1915909.27709 5
935545.75572 1915909.32016 5
935545.66404 1915909.36752 5
935545.58078 1915909.41135 5
935545.484731 1915909.4623 5
935545.367659 1915909.52488 5
935545.19398 1915909.61804 5
935545.101904 1915909.66759 5
935545.015937 1915909.71382 5
935544.905546 1915909.77346 5
935544.807778 1915909.82645 5
935544.6866 1915909.89202 5
935544.599767 1915909.93933 5
935544.160186 1915910.17765 5
935544.082552 1915910.21962 5
935544.018375 1915910.25448 5
935543.910949 1915910.31282 5
935543.67697 1915910.43981 5
935543.568635 1915910.4985 5
935543.498284 1915910.5368 5
935543.335093 1915910.62525 5
935543.174088 1915910.71251 5
935542.946555 1915910.83582 5
935542.81264 1915910.90838 5
935542.726395 1915910.95522 5
935542.58249 1915911.03323 5
935542.470773 1915911.09394 5
935542.349693 1915911.15963 5
935542.202171 1915911.23979 5
935542.089489 1915911.30109 5
935541.926416 1915911.38954 5
935541.829162 1915911.44231 5
935541.672109 1915911.52768 5
935541.566634 1915911.58495 5
935541.425441 1915911.66167 5
935541.274683 1915911.74348 5
935541.156219 1915911.80799 5
935541.01227 1915911.88601 5
935540.861214 1915911.96818 5
935540.77737 1915912.01371 5
935540.594879 1915912.11284 5
935540.435527 1915912.1994 5
935540.313143 1915912.26592 5
935540.130423 1915912.36529 5
935540.011244 1915912.42991 5
935539.694935 1915912.60196 5
935539.455566 1915912.73228 5
935539.296003 1915912.81896 5
935539.165291 1915912.89011 5
935538.927213 1915913.01972 5
935538.817475 1915913.07936 5
935538.755959 1915913.1128 5
935538.596376 1915913.1996 5
935538.462156 1915913.27264 5
935538.26517 1915913.37971 5
935538.175824 1915913.42821 5
935538.109095 1915913.46449 5
935537.990681 1915913.52876 5
935537.895407 1915913.58058 5
935537.72107 1915913.67532 5
935537.623648 1915913.7282 5
935537.468619 1915913.81263 5
935537.378158 1915913.86172 5
935537.295178 1915913.90665 5
935537.151227 1915913.98479 5
935537.016586 1915914.05783 5
935536.935202 1915914.10194 5
935536.811844 1915914.16893 5
935536.741228 1915914.20723 5
935536.676304 1915914.24244 5
935536.611368 1915914.27778 5
935536.500334 1915914.33801 5
935536.392544 1915914.39647 5
935536.31727 1915914.43725 5
935536.253907 1915914.47151 5
935536.127916 1915914.53969 5
935536.063086 1915914.5749 5
935535.930126 1915914.64699 5
935535.858588 1915914.68576 5
935535.793539 1915914.72061 5
935535.703816 1915914.76898 5
935535.609812 1915914.81996 5
935535.504537 1915914.87711 5
935535.426989 1915914.9192 5
935535.27369 1915915.00427 5
935535.198673 1915915.04848 5
935535.064445 1915915.13251 5
935534.947126 1915915.20704 5
935534.885847 1915915.24585 5
935534.815468 1915915.28989 5
935534.710414 1915915.35534 5
935534.628327 1915915.40676 5
935534.558642 1915915.4502 5
935534.482162 1915915.49804 5
935534.411895 1915915.5422 5
935534.331579 1915915.59267 5
935534.212648 1915915.66742 5
935534.115869 1915915.73179 5
935534.006985 1915915.80047 5
935533.922173 1915915.85526 5
935533.83358 1915915.91317 5
935533.766684 1915915.95702 5
935533.65292 1915916.03148 5
935533.583456 1915916.077 5
935533.519807 1915916.1187 5
935533.392059 1915916.20527 5
935533.321276 1915916.25687 5
935533.249181 1915916.31088 5
935533.135826 1915916.40037 5
935533.078126 1915916.44424 5
935533.019638 1915916.48908 5
935532.947342 1915916.54626 5
935532.889407 1915916.5933 5
935532.806509 1915916.66167 5
935532.68271 1915916.76539 5
935532.601454 1915916.8339 5
935532.472055 1915916.94266 5
935532.406546 1915916.99507 5
935532.334454 1915917.05104 5
935532.259107 1915917.10842 5
935532.197193 1915917.1543 5
935532.107247 1915917.21938 5
935532.04784 1915917.26396 5
935531.874567 1915917.38886 5
935531.670687 1915917.52645 5
935531.558577 1915917.60009 5
935531.497327 1915917.64025 5
935531.398873 1915917.70422 5
935531.298115 1915917.76913 5
935531.235484 1915917.80926 5
935531.128098 1915917.87822 5
935531.033938 1915917.93884 5
935530.965035 1915917.9829 5
935530.863109 1915918.04828 5
935530.787038 1915918.09698 5
935530.706598 1915918.14855 5
935530.620394 1915918.20405 5
935530.539042 1915918.25633 5
935530.460988 1915918.30586 5
935530.382645 1915918.35563 5
935530.312499 1915918.39931 5
935530.225043 1915918.45088 5
935530.098531 1915918.52222 5
935529.987498 1915918.58916 5
935529.92149 1915918.629 5
935529.803491 1915918.69986 5
935529.69916 1915918.76154 5
935529.63032 1915918.80194 5
935529.532529 1915918.85945 5
935529.4695 1915918.89653 5
935529.368099 1915918.94862 5
935529.286036 1915918.98746 5
935529.19011 1915919.03964 5
935529.125137 1915919.07424 5