935552.053418 1915902.84984 5
935551.988176 1915902.88614 5
935551.920282 1915902.92448 5
935551.826841 1915902.97706 5
935551.74808 1915903.02133 5
935551.661523 1915903.06975 5
935551.588998 1915903.11058 5
935551.520403 1915903.14891 5
935551.449952 1915903.18855 5
935551.386324 1915903.2244 5
935551.273962 1915903.28766 5
935551.198926 1915903.33004 5
935551.071163 1915903.40209 5
935550.971211 1915903.45835 5
935550.851293 1915903.52576 5
935550.737143 1915903.58997 5
935550.630817 1915903.64967 5
935550.562475 1915903.68812 5
935550.494965 1915903.7261 5
935550.371488 1915903.79554 5
935550.309962 1915903.83007 5
935550.24215 1915903.86829 5
935550.171856 1915903.90794 5
935550.102702 1915903.94687 5
935550.010324 1915903.99898 5
935549.873549 1915904.07613 5
935549.783766 1915904.12669 5
935549.642867 1915904.2061 5
935549.565469 1915904.24978 5
935549.484125 1915904.2956 5
935549.407036 1915904.33904 5
935549.317646 1915904.38936 5
935549.214582 1915904.44753 5
935549.144627 1915904.48693 5
935549.046764 1915904.542 5
935548.948764 1915904.59707 5
935548.875723 1915904.63826 5
935548.776768 1915904.69393 5
935548.66567 1915904.75648 5
935548.600449 1915904.79327 5
935548.489734 1915904.85559 5
935548.40154 1915904.90544 5
935548.151937 1915905.04597 5
935548.003033 1915905.13001 5
935547.924142 1915905.17452 5
935547.812157 1915905.23755 5
935547.715244 1915905.29215 5
935547.606346 1915905.35339 5
935547.500535 1915905.4131 5
935547.385108 1915905.47802 5
935547.281354 1915905.53641 5
935547.16385 1915905.60277 5
935547.048132 1915905.66793 5
935546.942817 1915905.7274 5
935546.817308 1915905.7979 5
935546.701939 1915905.86282 5
935546.556493 1915905.94472 5
935546.469595 1915905.99362 5
935546.326734 1915906.07409 5
935546.19561 1915906.14792 5
935546.102681 1915906.20014 5
935545.958697 1915906.28121 5
935545.843571 1915906.34613 5
935545.747691 1915906.40002 5
935545.587105 1915906.4907 5
935545.465025 1915906.55943 5
935545.398252 1915906.59717 5
935545.206037 1915906.70591 5
935545.049298 1915906.79434 5
935544.804455 1915906.93275 5
935544.669755 1915907.00896 5
935544.58733 1915907.05549 5
935544.396449 1915907.16352 5
935544.255537 1915907.24329 5
935544.173511 1915907.2897 5
935543.973681 1915907.40283 5
935543.832128 1915907.48284 5
935543.747889 1915907.53056 5
935543.51161 1915907.66435 5
935543.405108 1915907.72453 5
935543.064324 1915907.91743 5
935542.974177 1915907.9686 5
935542.801393 1915908.06642 5
935542.668585 1915908.14168 5
935542.466503 1915908.25612 5
935542.361553 1915908.31547 5
935542.285317 1915908.35868 5
935542.050511 1915908.49164 5
935541.902186 1915908.57556 5
935541.737876 1915908.66863 5
935541.591591 1915908.75137 5
935541.390285 1915908.86533 5
935541.282287 1915908.92647 5
935541.104862 1915909.02702 5
935540.926265 1915909.12816 5
935540.808803 1915909.19463 5
935540.62993 1915909.29602 5
935540.439742 1915909.40381 5
935540.143912 1915909.57143 5
935539.998098 1915909.65405 5
935539.886794 1915909.71709 5
935539.662457 1915909.84423 5
935539.508538 1915909.93148 5
935539.430053 1915909.976 5
935539.191716 1915910.1111 5
935539.01526 1915910.21105 5
935538.727063 1915910.37574 5
935538.570069 1915910.46515 5
935538.299803 1915910.61877 5
935538.153825 1915910.70164 5
935537.906017 1915910.84208 5
935537.776307 1915910.91556 5
935537.701916 1915910.95794 5
935537.536597 1915911.05149 5
935537.414272 1915911.12081 5
935537.342796 1915911.16142 5
935537.238891 1915911.22018 5
935537.03764 1915911.33438 5
935536.892979 1915911.41641 5
935536.789502 1915911.47506 5
935536.671573 1915911.54202 5
935536.55352 1915911.60861 5
935536.410113 1915911.68992 5
935536.323658 1915911.73883 5
935536.186608 1915911.81623 5
935536.043604 1915911.89657 5
935535.957438 1915911.94524 5
935535.817627 1915912.02418 5
935535.696425 1915912.09255 5
935535.580313 1915912.15819 5
935535.449019 1915912.23226 5
935535.323425 1915912.30324 5
935535.167606 1915912.39132 5
935535.068769 1915912.44711 5
935534.917616 1915912.53258 5
935534.810632 1915912.59312 5
935534.680015 1915912.66696 5
935534.550733 1915912.74008 5
935534.430674 1915912.80798 5
935534.31808 1915912.87124 5
935534.198837 1915912.93842 5
935534.090349 1915912.99979 5
935533.954035 1915913.07695 5
935533.876338 1915913.12087 5
935533.767076 1915913.1826 5
935533.668458 1915913.23839 5
935533.56981 1915913.29418 5
935533.470918 1915913.35021 5
935533.36422 1915913.41076 5
935533.268616 1915913.46465 5
935533.157955 1915913.52733 5
935533.053126 1915913.58668 5
935532.920814 1915913.66146 5
935532.84235 1915913.70586 5
935532.714639 1915913.77767 5
935532.593799 1915913.84568 5
935532.167101 1915914.08688 5
935531.952349 1915914.20844 5
935531.849453 1915914.26673 5
935531.762867 1915914.31576 5
935531.611555 1915914.40147 5
935531.510819 1915914.45844 5
935531.292637 1915914.58214 5
935531.172489 1915914.65029 5
935530.990265 1915914.75357 5
935530.841269 1915914.8376 5
935530.71294 1915914.91001 5
935530.609182 1915914.96841 5
935530.437105 1915915.0655 5
935530.348741 1915915.11523 5
935530.154202 1915915.22503 5
935530.061951 1915915.27714 5
935529.868688 1915915.38635 5
935529.706736 1915915.47787 5
935529.548103 1915915.56749 5
935529.412237 1915915.64417 5
935529.23582 1915915.74376 5
935529.147572 1915915.79349 5
935528.913224 1915915.9256 5
935528.770714 1915916.00608 5
935528.609507 1915916.09712 5
935528.522462 1915916.14614 5
935528.430783 1915916.1979 5
935528.317097 1915916.26211 5
935528.034315 1915916.42177 5
935527.968074 1915916.45916 5
935527.789031 1915916.56041 5
935527.631107 1915916.64943 5
935527.548403 1915916.6962 5
935527.412914 1915916.77265 5
935527.29574 1915916.83876 5
935527.177892 1915916.90535 5
935527.047215 1915916.97894 5
935526.91773 1915917.05206 5
935526.766344 1915917.13753 5
935526.660432 1915917.19735 5
935526.516767 1915917.28001 5
935526.380861 1915917.36108 5
935526.275146 1915917.42543 5
935526.147736 1915917.50541 5
935526.014211 1915917.59287 5
935525.915956 1915917.65611 5
935525.785322 1915917.74178 5
935525.647103 1915917.83514 5
935525.55024 1915917.90195 5
935525.420239 1915917.99422 5
935525.287988 1915918.0928 5
935525.192205 1915918.16658 5
935525.066904 1915918.2638 5
935524.970454 1915918.33806 5
935524.848409 1915918.43411 5
935524.737743 1915918.52352 5
935524.631524 1915918.61128 5
935524.526462 1915918.69919 5
935524.418034 1915918.79229 5
935524.327072 1915918.87078 5
935524.208998 1915918.9724 5
935524.128478 1915919.04165 5
935524.035822 1915919.12146 5
935523.924878 1915919.21684 5
935523.862868 1915919.27016 5
935523.770254 1915919.34972 5
935523.690095 1915919.41838 5
935523.627344 1915919.4723 5
935523.515611 1915919.56803 5
935523.356715 1915919.70426 5
935523.266092 1915919.7813 5
935523.191093 1915919.84356 5
935523.244229 1915919.79718 5
935523.298597 1915919.74984 5