935620.332589 1916238.10792 5
935620.125883 1916238.09427 5
935619.873737 1916238.07515 5
935619.66973 1916238.06105 5
935619.444095 1916238.04539 5
935619.227852 1916238.03049 5
935618.981937 1916238.01378 5
935618.731875 1916238.00567 5
935618.498793 1916237.99929 5
935618.272435 1916237.99509 5
935618.013317 1916237.99098 5
935617.803189 1916237.9824 5
935617.576854 1916237.97674 5
935617.34312 1916237.97059 5
935617.1195 1916237.96351 5
935616.91199 1916237.95729 5
935616.690155 1916237.95012 5
935616.444959 1916237.93525 5
935616.221547 1916237.92609 5
935616.005059 1916237.91558 5
935615.799974 1916237.90501 5
935615.58572 1916237.89453 5
935615.365465 1916237.88445 5
935615.12927 1916237.8729 5
935614.914644 1916237.86278 5
935614.700441 1916237.85243 5
935614.486168 1916237.8422 5
935614.241766 1916237.83015 5
935613.983432 1916237.81702 5
935613.735644 1916237.80541 5
935613.506883 1916237.79495 5
935613.262844 1916237.78315 5
935613.027293 1916237.77087 5
935612.822229 1916237.76091 5
935612.56748 1916237.74918 5
935612.332527 1916237.73813 5
935612.107585 1916237.72737 5
935611.861898 1916237.71603 5
935611.662179 1916237.70664 5
935611.4403 1916237.69604 5
935611.185378 1916237.68371 5
935610.972828 1916237.67399 5
935610.734009 1916237.66288 5
935610.532918 1916237.65347 5
935610.319041 1916237.64325 5
935610.095895 1916237.63226 5
935609.859972 1916237.62084 5
935609.653856 1916237.61037 5
935609.448245 1916237.60076 5
935609.242792 1916237.5908 5
935609.018608 1916237.5798 5
935608.815466 1916237.56987 5
935608.614299 1916237.55996 5
935608.376233 1916237.54801 5
935608.167597 1916237.53824 5
935607.965455 1916237.52918 5
935607.728657 1916237.5181 5
935607.527522 1916237.50857 5
935607.312085 1916237.47843 5
935607.108651 1916237.43395 5
935606.904981 1916237.36739 5
935606.713612 1916237.28015 5
935606.529847 1916237.19487 5
935606.309982 1916237.08851 5
935606.113771 1916236.97911 5
935605.929726 1916236.84793 5
935605.74803 1916236.7135 5
935605.589811 1916236.56931 5
935605.454062 1916236.41694 5
935605.332933 1916236.25357 5
935605.22666 1916236.08165 5
935605.120304 1916235.91204 5
935605.014571 1916235.70364 5
935604.932984 1916235.48623 5
935604.873798 1916235.25428 5
935604.843821 1916235.03122 5
935604.837985 1916234.82391 5
935604.853659 1916234.60743 5
935604.889907 1916234.3964 5
935604.955262 1916234.17948 5
935605.03508 1916233.99233 5
935605.151784 1916233.78147 5
935605.28308 1916233.59648 5
935605.428796 1916233.4338 5
935605.596596 1916233.28489 5
935605.762062 1916233.16768 5
935605.952104 1916233.06196 5
935606.140562 1916232.98258 5
935606.33325 1916232.92449 5
935606.555456 1916232.88372 5
935606.762841 1916232.86943 5
935606.976203 1916232.87172 5
935607.225241 1916232.87518 5
935607.427377 1916232.8774 5
935607.637602 1916232.88074 5
935607.849218 1916232.88348 5
935608.079006 1916232.88737 5
935608.335404 1916232.89131 5
935608.537939 1916232.89525 5
935608.818128 1916232.89908 5
935609.093391 1916232.90381 5
935609.372808 1916232.90531 5
935609.603692 1916232.8925 5
935609.871704 1916232.85038 5
935610.113724 1916232.81541 5
935610.308259 1916232.76211 5
935610.517419 1916232.68013 5
935610.706014 1916232.58341 5
935610.878853 1916232.46973 5
935611.043389 1916232.34872 5
935611.221633 1916232.21646 5
935611.384642 1916232.09213 5
935611.571397 1916231.94743 5
935611.729418 1916231.82497 5
935611.889227 1916231.70144 5
